0 0.146586 0.602564 0.169478 0.020067
1 0.099197 0.602564 0.020080 0.014493
2 0.138956 0.602843 0.020884 0.015050
3 0.178715 0.602564 0.020080 0.015608
4 0.219277 0.602843 0.022490 0.016165
5 0.146586 0.630713 0.167871 0.017280
6 0.099197 0.630435 0.020080 0.014493
7 0.139357 0.630713 0.020080 0.015050
8 0.178715 0.630713 0.020080 0.013935
9 0.218876 0.630435 0.021687 0.014493
10 0.146586 0.658305 0.169478 0.021182
11 0.099197 0.658584 0.020080 0.015050
12 0.138956 0.658584 0.020884 0.016165
13 0.179920 0.658584 0.019277 0.016165
14 0.218876 0.658027 0.021687 0.016165
15 0.146586 0.687291 0.169478 0.018952
16 0.099197 0.687848 0.021687 0.014493
17 0.139759 0.686734 0.020884 0.015608
18 0.179518 0.687291 0.021687 0.014493
19 0.219679 0.687012 0.021687 0.016165
20 0.146988 0.715440 0.170281 0.017280
21 0.099598 0.715719 0.020884 0.014493
22 0.139357 0.715162 0.020080 0.014493
23 0.179920 0.715162 0.019277 0.015608
24 0.219277 0.715162 0.020884 0.014493
25 0.147390 0.743868 0.169478 0.021739
26 0.100000 0.743590 0.020080 0.015608
27 0.139759 0.744147 0.020884 0.015608
28 0.180321 0.743868 0.021687 0.016165
29 0.219679 0.743590 0.021687 0.016722
30 0.147390 0.772018 0.167871 0.020067
31 0.100000 0.772018 0.021687 0.014493
32 0.140161 0.772018 0.021687 0.015608
33 0.179920 0.772297 0.020884 0.016165
34 0.220080 0.772018 0.020884 0.015608
35 0.147791 0.799610 0.170281 0.020624
36 0.100000 0.800446 0.021687 0.015608
37 0.139759 0.799610 0.022490 0.015050
38 0.179518 0.799610 0.021687 0.013935
39 0.220482 0.799610 0.020080 0.015050
40 0.147791 0.827202 0.168675 0.018952
41 0.100000 0.828038 0.020080 0.013935
42 0.139357 0.827480 0.021687 0.013935
43 0.180321 0.827759 0.020080 0.015608
44 0.220080 0.827480 0.020884 0.015050
45 0.147390 0.856466 0.169478 0.018395
46 0.099598 0.856187 0.020884 0.014493
47 0.140562 0.856187 0.019277 0.014493
48 0.180321 0.855909 0.020080 0.013935
49 0.220482 0.856187 0.020080 0.014493
50 0.055422 0.135452 0.016064 0.011148
51 0.959438 0.133222 0.015261 0.011148
52 0.059839 0.955128 0.015261 0.010591
53 0.964257 0.954013 0.015261 0.010591
