0 0.049878 0.128559 0.016524 0.011217
1 0.965116 0.127049 0.017136 0.011648
2 0.050184 0.958369 0.017136 0.011648
3 0.966034 0.964840 0.016524 0.011648
116 0.163403 0.382873 0.203182 0.021139
117 0.071603 0.466350 0.020808 0.144953
118 0.071297 0.402071 0.018972 0.013805
119 0.071297 0.416307 0.018972 0.013805
120 0.071297 0.430544 0.018972 0.013805
121 0.071297 0.444780 0.018972 0.013805
122 0.071297 0.459232 0.018972 0.014236
123 0.071297 0.473684 0.018972 0.014668
124 0.071297 0.487921 0.018972 0.013805
125 0.071297 0.502373 0.018972 0.014236
126 0.071297 0.516609 0.018972 0.014236
127 0.071297 0.531277 0.018972 0.014236
128 0.092105 0.466350 0.020196 0.144953
129 0.092105 0.402071 0.018972 0.013805
130 0.092105 0.416307 0.018972 0.013805
131 0.092105 0.430544 0.018972 0.013805
132 0.092105 0.444349 0.018972 0.013805
133 0.092105 0.458801 0.018972 0.014236
134 0.092105 0.473253 0.018972 0.014668
135 0.092105 0.487921 0.020196 0.013805
136 0.092105 0.501941 0.018972 0.014236
137 0.092105 0.516393 0.018972 0.013805
138 0.092105 0.530846 0.018972 0.014236
139 0.112607 0.466135 0.020808 0.144521
140 0.112301 0.401855 0.018972 0.014236
141 0.112301 0.416307 0.018972 0.013805
142 0.112301 0.430112 0.018972 0.013805
143 0.112301 0.444780 0.018972 0.013805
144 0.112301 0.459016 0.018972 0.013805
145 0.112301 0.473469 0.018972 0.014236
146 0.112301 0.487921 0.018972 0.013805
147 0.112301 0.502373 0.018972 0.014236
148 0.112301 0.516609 0.018972 0.014236
149 0.112301 0.530846 0.018972 0.014236
150 0.132803 0.466135 0.020808 0.144521
151 0.132803 0.401855 0.019584 0.014236
152 0.132803 0.416307 0.019584 0.013805
153 0.132803 0.430112 0.019584 0.013805
154 0.132803 0.444349 0.019584 0.013805
155 0.133109 0.458369 0.018972 0.014236
156 0.133109 0.473253 0.018972 0.014668
157 0.132803 0.487489 0.019584 0.013805
158 0.132803 0.501941 0.019584 0.014236
159 0.133109 0.516178 0.018972 0.014236
160 0.133109 0.530846 0.018972 0.014236
161 0.153305 0.466135 0.020196 0.144521
162 0.152693 0.402071 0.018972 0.013805
163 0.152693 0.416739 0.018972 0.013805
164 0.152693 0.430544 0.018972 0.013805
165 0.152999 0.444780 0.019584 0.013805
166 0.153305 0.458369 0.018972 0.014236
167 0.153305 0.473253 0.018972 0.014668
168 0.153305 0.487489 0.020196 0.013805
169 0.153305 0.501941 0.018972 0.014236
170 0.153305 0.516178 0.018972 0.014236
171 0.153305 0.530846 0.018972 0.014236
172 0.172889 0.465919 0.020196 0.144953
173 0.172889 0.401639 0.018972 0.013805
174 0.172889 0.416307 0.018972 0.013805
175 0.172889 0.430112 0.018972 0.013805
176 0.172889 0.444349 0.018972 0.013805
177 0.172889 0.458801 0.018972 0.014236
178 0.172889 0.473253 0.018972 0.014668
179 0.172889 0.487705 0.018972 0.013374
180 0.172889 0.501941 0.018972 0.014236
181 0.172889 0.516393 0.018972 0.013805
182 0.172889 0.530846 0.018972 0.014236
183 0.193390 0.465919 0.020808 0.144953
184 0.193084 0.401639 0.018972 0.013805
185 0.193084 0.416307 0.018972 0.013805
186 0.193084 0.430112 0.018972 0.013805
187 0.193084 0.444349 0.018972 0.013805
188 0.193390 0.458369 0.019584 0.014236
189 0.193390 0.472821 0.019584 0.014668
190 0.193390 0.487489 0.019584 0.013805
191 0.193084 0.501726 0.018972 0.013805
192 0.193390 0.516178 0.019584 0.014236
193 0.193390 0.530414 0.019584 0.014236
194 0.213892 0.465703 0.020196 0.144521
195 0.213892 0.401424 0.018972 0.014236
196 0.213892 0.415876 0.018972 0.013805
197 0.213892 0.430112 0.018972 0.013805
198 0.213892 0.444349 0.018972 0.013805
199 0.213892 0.458801 0.018972 0.014236
200 0.213892 0.473253 0.018972 0.014668
201 0.213892 0.487489 0.018972 0.013805
202 0.213892 0.501941 0.018972 0.014236
203 0.213892 0.516178 0.018972 0.014236
204 0.213892 0.530630 0.018972 0.013805
205 0.234394 0.465919 0.020808 0.144090
206 0.234088 0.401424 0.018972 0.014236
207 0.234088 0.415876 0.018972 0.013805
208 0.234088 0.430112 0.018972 0.013805
209 0.234088 0.443917 0.018972 0.013805
210 0.234088 0.458369 0.018972 0.014236
211 0.234394 0.472821 0.019584 0.014668
212 0.234394 0.487489 0.019584 0.013805
213 0.234088 0.501510 0.018972 0.014236
214 0.234088 0.515962 0.018972 0.013805
215 0.234088 0.530414 0.018972 0.014236
216 0.254590 0.465919 0.020808 0.144090
217 0.254284 0.401855 0.018972 0.014236
218 0.254284 0.416307 0.018972 0.013805
219 0.254284 0.430112 0.018972 0.013805
220 0.254284 0.444349 0.018972 0.013805
221 0.254590 0.458369 0.019584 0.014236
222 0.254590 0.472821 0.019584 0.014668
223 0.254590 0.487489 0.019584 0.013805
224 0.254284 0.501510 0.018972 0.014236
225 0.254590 0.515962 0.019584 0.013805
226 0.254590 0.530414 0.019584 0.014236
227 0.377907 0.383736 0.094859 0.018550
228 0.377907 0.416091 0.192778 0.015962
229 0.437271 0.415876 0.021420 0.014668
230 0.378213 0.459016 0.192166 0.016393
231 0.437882 0.459016 0.021420 0.014668
232 0.140453 0.601381 0.170747 0.018982
233 0.092717 0.601381 0.020196 0.014668
234 0.133109 0.601812 0.020196 0.014668
235 0.173501 0.601812 0.020196 0.014668
236 0.214504 0.601812 0.020196 0.014668
237 0.140453 0.630285 0.170747 0.018982
238 0.092717 0.630716 0.020196 0.014668
239 0.133415 0.630716 0.020808 0.014668
240 0.173501 0.630716 0.020196 0.014668
241 0.214504 0.630716 0.020196 0.014668
242 0.140453 0.658973 0.170747 0.018550
243 0.092717 0.659189 0.020196 0.014668
244 0.133109 0.659189 0.020196 0.014668
245 0.173501 0.659189 0.020196 0.014668
246 0.214504 0.659620 0.020196 0.014668
247 0.140147 0.687662 0.171359 0.018982
248 0.092411 0.687877 0.020808 0.015099
249 0.133109 0.688093 0.020196 0.014668
250 0.173195 0.688093 0.020808 0.014668
251 0.214198 0.688093 0.020808 0.014668
252 0.139535 0.716350 0.171359 0.018550
253 0.092105 0.716566 0.020196 0.014668
254 0.132497 0.716566 0.020196 0.014668
255 0.172889 0.716566 0.020196 0.014668
256 0.213892 0.716782 0.020196 0.015099
257 0.140147 0.744823 0.171359 0.018550
258 0.092717 0.745039 0.020196 0.014668
259 0.133109 0.745039 0.020196 0.014668
260 0.173501 0.745039 0.020196 0.014668
261 0.214504 0.745039 0.020196 0.014668
262 0.140147 0.773943 0.171359 0.018982
263 0.092411 0.773943 0.020808 0.014668
264 0.132803 0.774159 0.020808 0.015099
265 0.173195 0.774159 0.020808 0.015099
266 0.214198 0.774374 0.020808 0.014668
267 0.139841 0.801984 0.170747 0.018982
268 0.092105 0.801984 0.020196 0.014668
269 0.132803 0.802416 0.020808 0.014668
270 0.172889 0.802416 0.020196 0.014668
271 0.213892 0.802416 0.020196 0.014668
272 0.139841 0.830242 0.170747 0.018550
273 0.092105 0.830457 0.020196 0.014668
274 0.132803 0.830457 0.020808 0.014668
275 0.172889 0.830457 0.020196 0.014668
276 0.213892 0.830889 0.020196 0.014668
277 0.139841 0.858714 0.170747 0.018550
278 0.092105 0.858930 0.020196 0.014668
279 0.132497 0.858930 0.020196 0.014668
280 0.172889 0.858930 0.020196 0.014668
281 0.213892 0.859362 0.020196 0.014668
282 0.323133 0.601812 0.171359 0.018982
283 0.275398 0.601812 0.020808 0.014668
284 0.316095 0.602243 0.020196 0.014668
285 0.356181 0.602243 0.020808 0.014668
286 0.397185 0.602243 0.020808 0.014668
287 0.323439 0.630716 0.170747 0.018982
288 0.275704 0.631148 0.020196 0.014668
289 0.316095 0.631148 0.020196 0.014668
290 0.356487 0.631148 0.020196 0.014668
291 0.397491 0.631148 0.020196 0.014668
292 0.323133 0.659405 0.171359 0.018550
293 0.275398 0.659620 0.020808 0.014668
294 0.316095 0.659620 0.020196 0.014668
295 0.356181 0.659620 0.020808 0.014668
296 0.397185 0.660052 0.020808 0.014668
297 0.322827 0.688093 0.170747 0.018982
298 0.275092 0.688093 0.020196 0.014668
299 0.315483 0.688525 0.020196 0.014668
300 0.355875 0.688525 0.020196 0.014668
301 0.396879 0.688525 0.020196 0.014668
302 0.322215 0.716782 0.170747 0.018550
303 0.274480 0.716997 0.020196 0.014668
304 0.315177 0.716997 0.020808 0.014668
305 0.355569 0.716997 0.020808 0.014668
306 0.396573 0.717213 0.020808 0.015099
307 0.322827 0.745039 0.170747 0.018982
308 0.275092 0.745470 0.020196 0.014668
309 0.315789 0.745470 0.020808 0.014668
310 0.356181 0.745470 0.020808 0.014668
311 0.397185 0.745470 0.020808 0.014668
312 0.322827 0.774374 0.170747 0.018982
313 0.275092 0.774374 0.020196 0.014668
314 0.315483 0.774590 0.020196 0.015099
315 0.355875 0.774590 0.020196 0.015099
316 0.396879 0.774806 0.020196 0.014668
317 0.322827 0.802416 0.170747 0.018982
318 0.275092 0.802416 0.020196 0.014668
319 0.315483 0.802847 0.020196 0.014668
320 0.355875 0.802847 0.020196 0.014668
321 0.396879 0.803063 0.020196 0.015099
322 0.322827 0.830673 0.170747 0.018550
323 0.275092 0.830889 0.020196 0.014668
324 0.315483 0.830889 0.020196 0.014668
325 0.355875 0.830889 0.020196 0.014668
326 0.396879 0.831536 0.020196 0.015099
327 0.322521 0.859146 0.171359 0.018550
328 0.274786 0.859362 0.020808 0.014668
329 0.315483 0.859362 0.020196 0.014668
330 0.355569 0.859362 0.020808 0.014668
331 0.396573 0.860009 0.020808 0.015099
332 0.506120 0.602675 0.171359 0.018982
333 0.458690 0.602243 0.020196 0.014668
334 0.499388 0.602675 0.020808 0.014668
335 0.539780 0.602675 0.020808 0.014668
336 0.580477 0.602459 0.020196 0.015099
337 0.506120 0.631795 0.171359 0.018550
338 0.458690 0.631579 0.020196 0.014668
339 0.499388 0.631579 0.020808 0.014668
340 0.539780 0.631579 0.020808 0.014668
341 0.580477 0.631795 0.020196 0.015099
342 0.506120 0.660267 0.171359 0.018550
343 0.458690 0.660052 0.020196 0.014668
344 0.499388 0.660052 0.020808 0.014668
345 0.539780 0.660052 0.020808 0.014668
346 0.580477 0.660052 0.020196 0.015531
347 0.506120 0.689172 0.171359 0.018550
348 0.458690 0.688525 0.020196 0.014668
349 0.499388 0.688956 0.020808 0.014668
350 0.539780 0.688956 0.020808 0.014668
351 0.580477 0.688956 0.020196 0.015531
352 0.505814 0.717860 0.170747 0.018982
353 0.458078 0.717429 0.020196 0.014668
354 0.499082 0.717860 0.020196 0.014668
355 0.539474 0.717860 0.020196 0.014668
356 0.580171 0.717860 0.020808 0.015531
357 0.505814 0.746549 0.170747 0.018550
358 0.458384 0.746333 0.020808 0.014668
359 0.499082 0.746333 0.020196 0.014668
360 0.539474 0.746333 0.020196 0.014668
361 0.580477 0.746333 0.020196 0.015531
362 0.505814 0.775884 0.170747 0.018550
363 0.458384 0.775237 0.020808 0.014668
364 0.499082 0.775669 0.020196 0.014668
365 0.539474 0.775669 0.020196 0.014668
366 0.580477 0.775669 0.020196 0.015531
367 0.505814 0.803926 0.170747 0.018550
368 0.458384 0.803710 0.020808 0.014668
369 0.499082 0.803926 0.020196 0.015099
370 0.539474 0.803926 0.020196 0.015099
371 0.580477 0.803926 0.020196 0.015099
372 0.505508 0.832183 0.171359 0.018982
373 0.457772 0.831752 0.020808 0.014668
374 0.498470 0.832183 0.020196 0.014668
375 0.539168 0.832183 0.020808 0.014668
376 0.579865 0.831967 0.020196 0.015099
377 0.505508 0.860871 0.171359 0.018550
378 0.458078 0.860656 0.020196 0.014668
379 0.498776 0.860656 0.020808 0.014668
380 0.539474 0.860656 0.020196 0.014668
381 0.579865 0.860871 0.020196 0.015099
382 0.689412 0.602675 0.170747 0.018982
383 0.641677 0.602243 0.020196 0.014668
384 0.682681 0.602675 0.020196 0.014668
385 0.723072 0.602675 0.020196 0.014668
386 0.763770 0.602675 0.020808 0.015531
387 0.689412 0.632010 0.170747 0.018982
388 0.641983 0.631579 0.020808 0.014668
389 0.682681 0.632010 0.020196 0.014668
390 0.723378 0.632010 0.020808 0.014668
391 0.763770 0.632010 0.020808 0.015531
392 0.689106 0.660699 0.171359 0.018550
393 0.641677 0.660052 0.020196 0.014668
394 0.682681 0.660699 0.020196 0.015099
395 0.722766 0.660699 0.020808 0.015099
396 0.763464 0.660483 0.020196 0.015531
397 0.689106 0.689387 0.171359 0.018982
398 0.641677 0.688956 0.020196 0.014668
399 0.682681 0.689387 0.020196 0.014668
400 0.722766 0.689387 0.020808 0.014668
401 0.763464 0.689387 0.020196 0.015531
402 0.689106 0.718076 0.171359 0.018550
403 0.641677 0.717860 0.020196 0.014668
404 0.682681 0.718076 0.020196 0.015099
405 0.722766 0.718076 0.020808 0.015099
406 0.763464 0.717860 0.020196 0.015531
407 0.689412 0.747196 0.170747 0.018982
408 0.641677 0.746764 0.020196 0.014668
409 0.682681 0.747196 0.020196 0.014668
410 0.723072 0.747196 0.020196 0.014668
411 0.763770 0.747196 0.020808 0.015531
412 0.689106 0.776316 0.171359 0.018550
413 0.641677 0.775669 0.020196 0.014668
414 0.682681 0.776316 0.020196 0.015099
415 0.722766 0.776316 0.020808 0.015099
416 0.763464 0.776100 0.020196 0.015531
417 0.689106 0.804573 0.171359 0.018982
418 0.641677 0.804142 0.020196 0.014668
419 0.682681 0.804573 0.020196 0.014668
420 0.722766 0.804573 0.020808 0.014668
421 0.763464 0.804573 0.020196 0.015531
422 0.688800 0.833046 0.170747 0.018982
423 0.641371 0.832614 0.020808 0.014668
424 0.682069 0.833046 0.020196 0.014668
425 0.722766 0.833046 0.020808 0.014668
426 0.763158 0.833046 0.020808 0.015531
427 0.688800 0.861734 0.170747 0.018550
428 0.641065 0.861519 0.020196 0.014668
429 0.682069 0.861950 0.020196 0.014668
430 0.722460 0.861950 0.020196 0.014668
431 0.763158 0.861734 0.020808 0.015099
432 0.872399 0.602890 0.170747 0.018550
433 0.824969 0.602890 0.020808 0.015099
434 0.865667 0.602890 0.020196 0.015099
435 0.905753 0.602890 0.020808 0.015099
436 0.946756 0.603106 0.020808 0.015531
437 0.872399 0.632010 0.170747 0.018982
438 0.824969 0.631795 0.020808 0.015099
439 0.865667 0.632010 0.020196 0.014668
440 0.905753 0.632226 0.020808 0.015099
441 0.946756 0.632010 0.020808 0.015531
442 0.872705 0.660915 0.171359 0.018982
443 0.824969 0.660915 0.020808 0.015531
444 0.865973 0.660915 0.020808 0.014668
445 0.906059 0.661130 0.021420 0.015099
446 0.946756 0.661130 0.020808 0.015962
447 0.872399 0.689819 0.170747 0.018982
448 0.824969 0.689603 0.020808 0.015099
449 0.865667 0.689819 0.020196 0.014668
450 0.905753 0.690035 0.020808 0.015099
451 0.946756 0.689819 0.020808 0.015531
452 0.872399 0.718723 0.170747 0.018982
453 0.824663 0.718507 0.020196 0.015099
454 0.865361 0.718723 0.020808 0.014668
455 0.905753 0.718939 0.020808 0.015099
456 0.946756 0.718723 0.020808 0.015531
457 0.872399 0.747627 0.170747 0.018982
458 0.824663 0.747412 0.020196 0.015099
459 0.865361 0.747627 0.020808 0.014668
460 0.905753 0.747843 0.020808 0.015099
461 0.946756 0.747627 0.020808 0.015531
462 0.872093 0.776963 0.171359 0.018982
463 0.824357 0.776747 0.020808 0.015099
464 0.865361 0.776963 0.020808 0.014668
465 0.905753 0.777179 0.020808 0.015099
466 0.946144 0.776963 0.020808 0.015531
467 0.872399 0.805220 0.170747 0.018550
468 0.824663 0.805004 0.020196 0.015531
469 0.865361 0.805004 0.020808 0.014668
470 0.905753 0.805220 0.020808 0.015099
471 0.946756 0.805220 0.020808 0.015962
472 0.871787 0.834124 0.170747 0.018550
473 0.824357 0.834124 0.020808 0.015099
474 0.865055 0.834124 0.020196 0.015099
475 0.905447 0.834124 0.021420 0.015099
476 0.946144 0.834124 0.020808 0.015962
477 0.871787 0.862597 0.170747 0.018550
478 0.824357 0.862381 0.020808 0.015531
479 0.865055 0.862597 0.020196 0.015099
480 0.905447 0.862597 0.021420 0.015099
481 0.946144 0.862597 0.020808 0.015962
115 0.867503 0.109362 0.087515 0.022865
