0 0.057437 0.087701 0.026602 0.018174
1 0.942261 0.086010 0.025998 0.018174
2 0.057739 0.910820 0.025998 0.018597
3 0.942866 0.913779 0.025998 0.017751
115 0.188331 0.260989 0.243652 0.021555
116 0.490629 0.260778 0.267836 0.021133
117 0.793531 0.260355 0.243652 0.021978
118 0.079202 0.360524 0.024184 0.177515
119 0.079504 0.282967 0.022370 0.016484
120 0.079504 0.300085 0.022370 0.016061
121 0.079504 0.316991 0.022370 0.016061
122 0.079504 0.334108 0.022370 0.016484
123 0.079504 0.351014 0.022370 0.016484
124 0.079504 0.368132 0.022370 0.016061
125 0.079504 0.385038 0.022370 0.016061
126 0.079504 0.401944 0.022370 0.016061
127 0.079504 0.418850 0.022370 0.016061
128 0.079504 0.435757 0.022370 0.016061
129 0.103083 0.360524 0.024788 0.177515
130 0.103386 0.282967 0.022975 0.016484
131 0.103386 0.300085 0.022975 0.016061
132 0.103386 0.316991 0.022975 0.016061
133 0.103386 0.334108 0.022975 0.016484
134 0.103386 0.351014 0.022975 0.016484
135 0.103386 0.368132 0.022975 0.016061
136 0.103386 0.385038 0.022975 0.016061
137 0.103386 0.401944 0.022975 0.016061
138 0.103386 0.418850 0.022975 0.016061
139 0.103386 0.435757 0.022975 0.016061
140 0.127570 0.360524 0.024184 0.177515
141 0.127872 0.282967 0.022370 0.016484
142 0.127872 0.300085 0.022370 0.016061
143 0.127872 0.316991 0.022370 0.016061
144 0.127872 0.334108 0.022370 0.016484
145 0.127872 0.351014 0.022370 0.016484
146 0.127872 0.368132 0.022370 0.016061
147 0.127872 0.385038 0.022370 0.016061
148 0.127872 0.401944 0.022370 0.016061
149 0.127872 0.418850 0.022370 0.016061
150 0.127872 0.435757 0.022370 0.016061
151 0.151753 0.360524 0.024184 0.177515
152 0.151753 0.282967 0.022975 0.016484
153 0.151753 0.300085 0.022975 0.016061
154 0.151753 0.316991 0.022975 0.016061
155 0.151753 0.334108 0.022975 0.016484
156 0.151753 0.351014 0.022975 0.016484
157 0.151753 0.368132 0.022975 0.016061
158 0.151753 0.385038 0.022975 0.016061
159 0.151753 0.401944 0.022975 0.016061
160 0.151753 0.418850 0.022975 0.016061
161 0.151753 0.435757 0.022975 0.016061
162 0.175635 0.360524 0.024788 0.177515
163 0.175937 0.282967 0.022975 0.016484
164 0.175937 0.300085 0.022975 0.016061
165 0.175937 0.316991 0.022975 0.016061
166 0.175937 0.334108 0.022975 0.016484
167 0.175937 0.351014 0.022975 0.016484
168 0.175937 0.368132 0.022975 0.016061
169 0.175937 0.385038 0.022975 0.016061
170 0.175937 0.401944 0.022975 0.016061
171 0.175937 0.418850 0.022975 0.016061
172 0.175937 0.435757 0.022975 0.016061
173 0.200121 0.360524 0.024184 0.177515
174 0.200423 0.282967 0.022370 0.016484
175 0.200423 0.300085 0.022370 0.016061
176 0.200423 0.316991 0.022370 0.016061
177 0.200423 0.334108 0.022370 0.016484
178 0.200423 0.351014 0.022370 0.016484
179 0.200423 0.368132 0.022370 0.016061
180 0.200423 0.385038 0.022370 0.016061
181 0.200423 0.401944 0.022370 0.016061
182 0.200423 0.418850 0.022370 0.016061
183 0.200423 0.435757 0.022370 0.016061
184 0.224002 0.360524 0.024788 0.177515
185 0.224305 0.282967 0.022975 0.016484
186 0.224305 0.300085 0.022975 0.016061
187 0.224305 0.316991 0.022975 0.016061
188 0.224305 0.334108 0.022975 0.016484
189 0.224305 0.351014 0.022975 0.016484
190 0.224305 0.368132 0.022975 0.016061
191 0.224305 0.385038 0.022975 0.016061
192 0.224305 0.401944 0.022975 0.016061
193 0.224305 0.418850 0.022975 0.016061
194 0.224305 0.435757 0.022975 0.016061
195 0.248489 0.360524 0.024184 0.177515
196 0.248791 0.282967 0.022370 0.016484
197 0.248791 0.300085 0.022370 0.016061
198 0.248791 0.316991 0.022370 0.016061
199 0.248791 0.334108 0.022370 0.016484
200 0.248791 0.351014 0.022370 0.016484
201 0.248791 0.368132 0.022370 0.016061
202 0.248791 0.385038 0.022370 0.016061
203 0.248791 0.401944 0.022370 0.016061
204 0.248791 0.418850 0.022370 0.016061
205 0.248791 0.435757 0.022370 0.016061
206 0.273277 0.360524 0.024184 0.177515
207 0.273277 0.282967 0.022975 0.016484
208 0.273277 0.300085 0.022975 0.016061
209 0.273277 0.316991 0.022975 0.016061
210 0.273277 0.334108 0.022975 0.016484
211 0.273277 0.351014 0.022975 0.016484
212 0.273277 0.368132 0.022975 0.016061
213 0.273277 0.385038 0.022975 0.016061
214 0.273277 0.401944 0.022975 0.016061
215 0.273277 0.418850 0.022975 0.016061
216 0.273277 0.435757 0.022975 0.016061
217 0.297461 0.360524 0.024184 0.177515
218 0.297763 0.282967 0.022370 0.016484
219 0.297763 0.300085 0.022370 0.016061
220 0.297763 0.316991 0.022370 0.016061
221 0.297763 0.334108 0.022370 0.016484
222 0.297763 0.351014 0.022370 0.016484
223 0.297763 0.368132 0.022370 0.016061
224 0.297763 0.385038 0.022370 0.016061
225 0.297763 0.401944 0.022370 0.016061
226 0.297763 0.418850 0.022370 0.016061
227 0.297763 0.435757 0.022370 0.016061
228 0.159008 0.690828 0.209190 0.015638
229 0.103688 0.691040 0.019952 0.014370
230 0.152056 0.691040 0.019952 0.014370
231 0.200726 0.691040 0.019347 0.014370
232 0.249093 0.691251 0.019347 0.013948
233 0.159008 0.708157 0.209190 0.015638
234 0.103688 0.708157 0.019952 0.013948
235 0.152056 0.708369 0.019952 0.014370
236 0.200726 0.708157 0.019347 0.013948
237 0.249093 0.708369 0.019347 0.014370
238 0.158404 0.725063 0.209190 0.015638
239 0.103386 0.725275 0.019347 0.014370
240 0.152056 0.725275 0.019952 0.014370
241 0.200423 0.725275 0.019952 0.014370
242 0.248791 0.725486 0.019952 0.013948
243 0.159008 0.741970 0.209190 0.015638
244 0.103688 0.742181 0.019952 0.014370
245 0.152056 0.742181 0.019952 0.014370
246 0.200726 0.742181 0.019347 0.014370
247 0.249093 0.742392 0.019347 0.013948
248 0.158706 0.759298 0.209794 0.015638
249 0.103386 0.759298 0.019347 0.013948
250 0.152056 0.759298 0.019952 0.013948
251 0.200423 0.759298 0.019952 0.013948
252 0.248791 0.759510 0.019952 0.014370
253 0.159008 0.775782 0.209190 0.015638
254 0.103688 0.775993 0.019952 0.014370
255 0.152056 0.775993 0.019952 0.014370
256 0.200726 0.775993 0.019347 0.014370
257 0.249093 0.776205 0.019347 0.013948
258 0.159008 0.792688 0.209190 0.015638
259 0.103688 0.792688 0.019952 0.013948
260 0.152056 0.792688 0.019952 0.013948
261 0.200726 0.792688 0.019347 0.013948
262 0.249093 0.792899 0.019347 0.014370
263 0.159008 0.809172 0.209190 0.015638
264 0.103688 0.809383 0.019952 0.014370
265 0.152056 0.809383 0.019952 0.014370
266 0.200726 0.809383 0.019347 0.014370
267 0.249093 0.809594 0.019347 0.013948
268 0.158706 0.826500 0.209794 0.015638
269 0.103386 0.826500 0.019347 0.013948
270 0.152056 0.826712 0.019952 0.014370
271 0.200423 0.826500 0.019952 0.013948
272 0.248791 0.826712 0.019952 0.014370
273 0.158706 0.843407 0.209794 0.015638
274 0.103386 0.843407 0.019347 0.013948
275 0.152056 0.843618 0.019952 0.014370
276 0.200423 0.843407 0.019952 0.013948
277 0.248791 0.843618 0.019952 0.014370
278 0.376965 0.691251 0.209794 0.015638
279 0.321644 0.691462 0.019347 0.014370
280 0.370314 0.691462 0.019952 0.014370
281 0.418682 0.691462 0.019952 0.014370
282 0.467050 0.691674 0.019952 0.013948
283 0.376965 0.708580 0.209794 0.015638
284 0.321644 0.708580 0.019347 0.013948
285 0.370314 0.708791 0.019952 0.014370
286 0.418682 0.708580 0.019952 0.013948
287 0.467050 0.708791 0.019952 0.014370
288 0.376663 0.725486 0.209190 0.015638
289 0.321342 0.725697 0.019952 0.014370
290 0.370012 0.725697 0.019347 0.014370
291 0.418380 0.725697 0.019347 0.014370
292 0.466747 0.725909 0.019347 0.013948
293 0.376965 0.742392 0.209794 0.015638
294 0.321644 0.742392 0.019347 0.013948
295 0.370314 0.742604 0.019952 0.014370
296 0.418682 0.742392 0.019952 0.013948
297 0.467050 0.742604 0.019952 0.014370
298 0.376663 0.759721 0.209190 0.015638
299 0.321342 0.759721 0.019952 0.013948
300 0.370012 0.759721 0.019347 0.013948
301 0.418380 0.759721 0.019347 0.013948
302 0.467050 0.759932 0.019952 0.014370
303 0.376965 0.776205 0.209794 0.015638
304 0.321644 0.776416 0.019347 0.014370
305 0.370314 0.776416 0.019952 0.014370
306 0.418682 0.776416 0.019952 0.014370
307 0.467050 0.776627 0.019952 0.013948
308 0.376965 0.793111 0.209794 0.015638
309 0.321644 0.793111 0.019347 0.013948
310 0.370314 0.793111 0.019952 0.013948
311 0.418682 0.793111 0.019952 0.013948
312 0.467050 0.793322 0.019952 0.014370
313 0.376965 0.809594 0.209794 0.015638
314 0.321644 0.809806 0.019347 0.014370
315 0.370314 0.809806 0.019952 0.014370
316 0.418682 0.809806 0.019952 0.014370
317 0.467050 0.810017 0.019952 0.013948
318 0.376663 0.826923 0.209190 0.015638
319 0.321342 0.826923 0.019952 0.013948
320 0.370012 0.827134 0.019347 0.014370
321 0.418380 0.826923 0.019347 0.013948
322 0.467050 0.827134 0.019952 0.014370
323 0.376663 0.843829 0.209190 0.015638
324 0.321342 0.843829 0.019952 0.013948
325 0.370012 0.844041 0.019347 0.014370
326 0.418380 0.843829 0.019347 0.013948
327 0.467050 0.844041 0.019952 0.014370
328 0.619105 0.691674 0.209190 0.015638
329 0.563785 0.691885 0.019952 0.014370
330 0.612152 0.691885 0.019952 0.014370
331 0.660822 0.691885 0.019347 0.014370
332 0.709190 0.692096 0.019347 0.013948
333 0.619105 0.709003 0.209190 0.015638
334 0.563785 0.709003 0.019952 0.013948
335 0.612152 0.709214 0.019952 0.014370
336 0.660822 0.709003 0.019347 0.013948
337 0.709190 0.709214 0.019347 0.014370
338 0.618501 0.725909 0.209190 0.015638
339 0.563482 0.726120 0.019347 0.014370
340 0.611850 0.726120 0.019347 0.014370
341 0.660520 0.726120 0.019952 0.014370
342 0.708888 0.726331 0.019952 0.013948
343 0.619105 0.742815 0.209190 0.015638
344 0.563785 0.742815 0.019952 0.013948
345 0.612152 0.743026 0.019952 0.014370
346 0.660822 0.742815 0.019347 0.013948
347 0.709190 0.743026 0.019347 0.014370
348 0.618501 0.760144 0.209190 0.015638
349 0.563482 0.760144 0.019347 0.013948
350 0.612152 0.760144 0.019952 0.013948
351 0.660520 0.760144 0.019952 0.013948
352 0.708888 0.760355 0.019952 0.014370
353 0.619105 0.776627 0.209190 0.015638
354 0.563785 0.776839 0.019952 0.014370
355 0.612152 0.776839 0.019952 0.014370
356 0.660822 0.776839 0.019347 0.014370
357 0.709190 0.777050 0.019347 0.013948
358 0.619105 0.793533 0.209190 0.015638
359 0.563785 0.793322 0.019952 0.014370
360 0.612152 0.793533 0.019952 0.013948
361 0.660822 0.793322 0.019347 0.014370
362 0.709190 0.793745 0.019347 0.014370
363 0.619105 0.810017 0.209190 0.015638
364 0.563785 0.810228 0.019952 0.014370
365 0.612152 0.810228 0.019952 0.014370
366 0.660822 0.810228 0.019347 0.014370
367 0.709190 0.810440 0.019347 0.013948
368 0.618501 0.827346 0.209190 0.015638
369 0.563482 0.827346 0.019347 0.013948
370 0.612152 0.827557 0.019952 0.014370
371 0.660520 0.827346 0.019952 0.013948
372 0.708888 0.827557 0.019952 0.014370
373 0.618501 0.844252 0.209190 0.015638
374 0.563482 0.844252 0.019347 0.013948
375 0.612152 0.844463 0.019952 0.014370
376 0.660520 0.844252 0.019952 0.013948
377 0.708888 0.844463 0.019952 0.014370
378 0.836155 0.692519 0.209190 0.015638
379 0.781137 0.692730 0.019347 0.014370
380 0.829807 0.692730 0.019952 0.014370
381 0.878174 0.692730 0.019952 0.014370
382 0.926542 0.692942 0.019952 0.013948
383 0.836155 0.709848 0.209190 0.015638
384 0.781137 0.709848 0.019347 0.013948
385 0.829807 0.710059 0.019952 0.014370
386 0.878174 0.709848 0.019952 0.013948
387 0.926542 0.710059 0.019952 0.014370
388 0.836155 0.726754 0.209190 0.015638
389 0.780834 0.726965 0.019952 0.014370
390 0.829504 0.726965 0.019347 0.014370
391 0.877872 0.726965 0.019347 0.014370
392 0.926239 0.727177 0.019347 0.013948
393 0.836155 0.743660 0.209190 0.015638
394 0.781137 0.743660 0.019347 0.013948
395 0.829807 0.743872 0.019952 0.014370
396 0.878174 0.743660 0.019952 0.013948
397 0.926542 0.743872 0.019952 0.014370
398 0.836155 0.760989 0.209190 0.015638
399 0.780834 0.760989 0.019952 0.013948
400 0.829504 0.760989 0.019347 0.013948
401 0.877872 0.760989 0.019347 0.013948
402 0.926239 0.761200 0.019347 0.014370
403 0.836155 0.777473 0.209190 0.015638
404 0.781137 0.777684 0.019347 0.014370
405 0.829807 0.777684 0.019952 0.014370
406 0.878174 0.777684 0.019952 0.014370
407 0.926542 0.777895 0.019952 0.013948
408 0.836155 0.794379 0.209190 0.015638
409 0.781137 0.794167 0.019347 0.014370
410 0.829807 0.794379 0.019952 0.013948
411 0.878174 0.794167 0.019952 0.014370
412 0.926542 0.794590 0.019952 0.014370
413 0.836155 0.810862 0.209190 0.015638
414 0.781137 0.811074 0.019347 0.014370
415 0.829807 0.811074 0.019952 0.014370
416 0.878174 0.811074 0.019952 0.014370
417 0.926542 0.811285 0.019952 0.013948
418 0.836155 0.828191 0.209190 0.015638
419 0.780834 0.828191 0.019952 0.013948
420 0.829504 0.828402 0.019347 0.014370
421 0.877872 0.828191 0.019347 0.013948
422 0.926239 0.828402 0.019347 0.014370
423 0.836155 0.845097 0.209190 0.015638
424 0.780834 0.845097 0.019952 0.013948
425 0.829504 0.845309 0.019347 0.014370
426 0.877872 0.845097 0.019347 0.013948
427 0.926239 0.845309 0.019347 0.014370
428 0.369407 0.360947 0.024184 0.177515
429 0.369407 0.282967 0.022975 0.016484
430 0.369407 0.300085 0.022975 0.016061
431 0.369407 0.316991 0.022975 0.016061
432 0.369407 0.334108 0.022975 0.016484
433 0.369407 0.351014 0.022975 0.016484
434 0.369407 0.368132 0.022975 0.016061
435 0.369407 0.385038 0.022975 0.016061
436 0.369407 0.401944 0.022975 0.016061
437 0.369407 0.418850 0.022975 0.016061
438 0.369407 0.435968 0.022975 0.016484
439 0.393894 0.360947 0.024788 0.177515
440 0.394196 0.282967 0.022975 0.016484
441 0.394196 0.300085 0.022975 0.016061
442 0.394196 0.316991 0.022975 0.016061
443 0.394196 0.334108 0.022975 0.016484
444 0.394196 0.351014 0.022975 0.016484
445 0.394196 0.368132 0.022975 0.016061
446 0.394196 0.385038 0.022975 0.016061
447 0.394196 0.401944 0.022975 0.016061
448 0.394196 0.418850 0.022975 0.016061
449 0.394196 0.435968 0.022975 0.016484
450 0.417775 0.360947 0.024184 0.177515
451 0.418077 0.282967 0.022370 0.016484
452 0.418077 0.300085 0.022370 0.016061
453 0.418077 0.316991 0.022370 0.016061
454 0.418077 0.334108 0.022370 0.016484
455 0.418077 0.351014 0.022370 0.016484
456 0.418077 0.368132 0.022370 0.016061
457 0.418077 0.385038 0.022370 0.016061
458 0.418077 0.401944 0.022370 0.016061
459 0.418077 0.418850 0.022370 0.016061
460 0.418077 0.435968 0.022370 0.016484
461 0.442563 0.360947 0.024184 0.177515
462 0.442866 0.282967 0.022370 0.016484
463 0.442866 0.300085 0.022370 0.016061
464 0.442866 0.316991 0.022370 0.016061
465 0.442866 0.334108 0.022370 0.016484
466 0.442866 0.351014 0.022370 0.016484
467 0.442866 0.368132 0.022370 0.016061
468 0.442866 0.385038 0.022370 0.016061
469 0.442866 0.401944 0.022370 0.016061
470 0.442866 0.418850 0.022370 0.016061
471 0.442866 0.435968 0.022370 0.016484
472 0.466143 0.360947 0.024184 0.177515
473 0.466143 0.282967 0.022975 0.016484
474 0.466143 0.300085 0.022975 0.016061
475 0.466143 0.316991 0.022975 0.016061
476 0.466143 0.334108 0.022975 0.016484
477 0.466143 0.351014 0.022975 0.016484
478 0.466143 0.368132 0.022975 0.016061
479 0.466143 0.385038 0.022975 0.016061
480 0.466143 0.401944 0.022975 0.016061
481 0.466143 0.418850 0.022975 0.016061
482 0.466143 0.435968 0.022975 0.016484
483 0.490629 0.360947 0.024788 0.177515
484 0.490931 0.282967 0.022975 0.016484
485 0.490931 0.300085 0.022975 0.016061
486 0.490931 0.316991 0.022975 0.016061
487 0.490931 0.334108 0.022975 0.016484
488 0.490931 0.351014 0.022975 0.016484
489 0.490931 0.368132 0.022975 0.016061
490 0.490931 0.385038 0.022975 0.016061
491 0.490931 0.401944 0.022975 0.016061
492 0.490931 0.418850 0.022975 0.016061
493 0.490931 0.435968 0.022975 0.016484
494 0.539299 0.360947 0.024184 0.177515
495 0.539299 0.282967 0.022975 0.016484
496 0.539299 0.300085 0.022975 0.016061
497 0.539299 0.316991 0.022975 0.016061
498 0.539299 0.334108 0.022975 0.016484
499 0.539299 0.351014 0.022975 0.016484
500 0.539299 0.368132 0.022975 0.016061
501 0.539299 0.385038 0.022975 0.016061
502 0.539299 0.401944 0.022975 0.016061
503 0.539299 0.418850 0.022975 0.016061
504 0.539299 0.435968 0.022975 0.016484
505 0.563785 0.360947 0.024788 0.177515
506 0.564087 0.282967 0.022975 0.016484
507 0.564087 0.300085 0.022975 0.016061
508 0.564087 0.316991 0.022975 0.016061
509 0.564087 0.334108 0.022975 0.016484
510 0.564087 0.351014 0.022975 0.016484
511 0.564087 0.368132 0.022975 0.016061
512 0.564087 0.385038 0.022975 0.016061
513 0.564087 0.401944 0.022975 0.016061
514 0.564087 0.418850 0.022975 0.016061
515 0.564087 0.435968 0.022975 0.016484
516 0.587364 0.360947 0.024788 0.177515
517 0.587364 0.282967 0.022370 0.016484
518 0.587364 0.300085 0.022370 0.016061
519 0.587364 0.316991 0.022370 0.016061
520 0.587666 0.334108 0.022975 0.016484
521 0.587666 0.351014 0.022975 0.016484
522 0.587666 0.368132 0.022975 0.016061
523 0.587666 0.385038 0.022975 0.016061
524 0.587666 0.401944 0.022975 0.016061
525 0.587666 0.418850 0.022975 0.016061
526 0.587666 0.435968 0.022975 0.016484
527 0.611850 0.360947 0.024184 0.177515
528 0.612152 0.282967 0.022370 0.016484
529 0.612152 0.300085 0.022370 0.016061
530 0.612152 0.316991 0.022370 0.016061
531 0.612152 0.334108 0.022370 0.016484
532 0.612152 0.351014 0.022370 0.016484
533 0.612152 0.368132 0.022370 0.016061
534 0.612152 0.385038 0.022370 0.016061
535 0.612152 0.401944 0.022370 0.016061
536 0.612152 0.418850 0.022370 0.016061
537 0.612152 0.435968 0.022370 0.016484
538 0.684099 0.360524 0.025998 0.177515
539 0.709190 0.360524 0.024184 0.177515
540 0.756953 0.360524 0.024184 0.177515
541 0.781439 0.360524 0.024788 0.177515
542 0.805925 0.360524 0.024184 0.177515
543 0.829807 0.360524 0.023579 0.177515
544 0.854293 0.360735 0.024184 0.177937
545 0.878779 0.360947 0.023579 0.177515
546 0.902358 0.360735 0.023579 0.177937
547 0.684704 0.282967 0.021161 0.014793
548 0.684704 0.299873 0.021161 0.014793
549 0.684704 0.316991 0.021161 0.014370
550 0.684704 0.334108 0.021161 0.014793
551 0.684704 0.351014 0.021161 0.014793
552 0.684704 0.368132 0.021161 0.014370
553 0.684704 0.385249 0.021161 0.014793
554 0.684704 0.402367 0.021161 0.014370
555 0.684704 0.419273 0.021161 0.014370
556 0.684704 0.436179 0.021161 0.014370
557 0.708283 0.282967 0.021161 0.014793
558 0.708283 0.299873 0.021161 0.014793
559 0.708283 0.316991 0.021161 0.014370
560 0.708888 0.334108 0.021161 0.014793
561 0.708283 0.351014 0.021161 0.014793
562 0.708888 0.368132 0.021161 0.014370
563 0.708888 0.385249 0.021161 0.014793
564 0.708888 0.402367 0.021161 0.014370
565 0.708888 0.419273 0.021161 0.014370
566 0.708888 0.436179 0.021161 0.014370
567 0.756651 0.282967 0.021161 0.014793
568 0.756651 0.299873 0.021161 0.014793
569 0.756651 0.316991 0.021161 0.014370
570 0.757255 0.334108 0.021161 0.014793
571 0.756651 0.351014 0.021161 0.014793
572 0.757255 0.368132 0.021161 0.014370
573 0.757255 0.385249 0.021161 0.014793
574 0.757255 0.402367 0.021161 0.014370
575 0.757255 0.419273 0.021161 0.014370
576 0.757255 0.436179 0.021161 0.014370
577 0.780834 0.282967 0.021161 0.014793
578 0.780834 0.299873 0.021161 0.014793
579 0.780834 0.316991 0.021161 0.014370
580 0.780834 0.334108 0.021161 0.014793
581 0.780834 0.351014 0.021161 0.014793
582 0.780834 0.368132 0.021161 0.014370
583 0.781439 0.385249 0.021161 0.014793
584 0.781439 0.402367 0.021161 0.014370
585 0.781439 0.419273 0.021161 0.014370
586 0.781439 0.436179 0.021161 0.014370
587 0.805623 0.282967 0.021161 0.014793
588 0.805623 0.299873 0.021161 0.014793
589 0.805623 0.316991 0.021161 0.014370
590 0.806227 0.334108 0.021161 0.014793
591 0.805623 0.351014 0.021161 0.014793
592 0.806227 0.368132 0.021161 0.014370
593 0.806227 0.385249 0.021161 0.014793
594 0.806227 0.402367 0.021161 0.014370
595 0.806227 0.419273 0.021161 0.014370
596 0.806227 0.436179 0.021161 0.014370
597 0.829807 0.282967 0.021161 0.014793
598 0.829807 0.299873 0.021161 0.014793
599 0.829807 0.316991 0.021161 0.014370
600 0.829807 0.334108 0.021161 0.014793
601 0.829807 0.351014 0.021161 0.014793
602 0.830109 0.368132 0.021765 0.014370
603 0.830411 0.385249 0.021161 0.014793
604 0.830411 0.402367 0.021161 0.014370
605 0.830411 0.419273 0.021161 0.014370
606 0.830411 0.436179 0.021161 0.014370
607 0.853386 0.282544 0.021161 0.014793
608 0.853386 0.299451 0.021161 0.014793
609 0.853386 0.316779 0.021161 0.014793
610 0.853386 0.333686 0.021161 0.014793
611 0.853386 0.350592 0.021161 0.014793
612 0.853386 0.367921 0.021161 0.014793
613 0.853990 0.384827 0.021161 0.014793
614 0.853990 0.401944 0.021161 0.014370
615 0.853990 0.419062 0.021161 0.014793
616 0.853990 0.435968 0.021161 0.014793
617 0.878174 0.282544 0.021161 0.014793
618 0.878174 0.299451 0.021161 0.014793
619 0.878174 0.316779 0.021161 0.014793
620 0.878779 0.333686 0.021161 0.014793
621 0.878174 0.350592 0.021161 0.014793
622 0.878779 0.367921 0.021161 0.014793
623 0.878779 0.384827 0.021161 0.014793
624 0.878779 0.401944 0.021161 0.014370
625 0.878779 0.419062 0.021161 0.014793
626 0.878779 0.435968 0.021161 0.014793
627 0.902358 0.282544 0.021161 0.014793
628 0.902358 0.299451 0.021161 0.014793
629 0.902358 0.316779 0.021161 0.014793
630 0.902358 0.333686 0.021161 0.014793
631 0.902358 0.350592 0.021161 0.014793
632 0.902358 0.367921 0.021161 0.014793
633 0.902963 0.384827 0.021161 0.014793
634 0.902963 0.401944 0.021161 0.014370
635 0.902963 0.419062 0.021161 0.014793
636 0.902963 0.435968 0.021161 0.014793
637 0.788392 0.165892 0.247884 0.071429
