05010: 	16 88
05015: 	01 92
	04 98 (for tick) 86 (for cross)
	08 91.22
	10 96.35
	12 89.16  90.02
	18 92.09
	21 93.62
	23 98.07
	30 94
	35 92
	38 92
05018: 	16 85.09 (partial) 45.99 (good)
05020:	13 91.29 80.14   (have to fix this)
	24 60.73 83.47 91.09
05021: 	01 58.71 94.49
05022: 	01 89.34 (small dot)
	20 90.88 (tick)
	27 91.33 (tick)
	31 89.12 97.6 (both ticks)
	40 93.79
05024: 	11 95.62
05025:	20 96.4
05027:  04 47 89
05028: 	15 87.81 91.82


06001: 	17 88.47 68.48
	19 89.24 72.18
06005:	06 88.49 70.68
	08 93.51 87.1 (CRUCIAL)
	09 96.59
	10 94.08
	13 90.13
	18 81.86
	31 96.35
	40 91.82
06007:	07 86.28 61.61
	14 86.14 51.01
	29 46.27 79.35
06008:	03 66.53 87.04 85.29
	06 58.84 86.21
	07 86.67 71.04 
06012:	31 89.76 53.63
06013:	06 89.73 74.52 71.53
06016:	09 81.35
	40 40.01 72.18
06018:	08 87.17 74.47
	14 89.38 68.87
	20 79.67 70.3
06019: 	04 95.1
	09 93.06
	10 91.99
	15 91.83
	21 94.96
	22 92.01
	24 92.48
	37 91.28
06020: 	39 97.46 99.21
	
